a0x = (0, 0, 0, 1, 1, 0)
a0y = (0, 0, 2, 2, 0, 0)
a1x = (0, 0, 1, 1)
a1y = (0, 1, 2, 0)
a2x = (0, 0, 1, 1, 0, 1)
a2y = (0, 2, 2, 1, 0, 0)
a3x = (0, 0, 1, 0, 1, 0)
a3y = (0, 0, 1, 1, 2, 2)
a4x = (0, 0, 0, 1, 1, 1)
a4y = (0, 2, 1, 1, 2, 0)
a5x = (0, 0, 1, 1, 0, 0, 1)
a5y = (0, 0, 0, 1, 1, 2, 2)
a6x = (0, 0, 1, 1, 0, 0, 1)
a6y = (0, 1, 1, 0, 0, 1, 2)
a7x = (0, 0, 0, 1, 0)
a7y = (0, 0, 1, 2, 2)
a8x = (0, 0, 0, 1, 1, 0, 0, 1)
a8y = (0, 0, 2, 2, 0, 0, 1, 1)
a9x = (0, 0, 1, 0, 0, 1, 1)
a9y = (0, 0, 1, 1, 2, 2, 1)
